presence 1 5 5.51476259822
presence 1 10 8.92998767783
presence 1 15 10.6754788843
presence 1 20 11.9150250444
presence 2 5 5.86887292163
presence 2 10 9.08185440638
presence 2 15 10.7007633343
presence 2 20 11.9655299333
presence 3 5 5.97007473315
presence 3 10 9.28422602378
presence 3 15 10.9284194018
presence 3 20 12.2185344621
tf 1 5 5.69188177119
tf 1 10 8.82868984941
tf 1 15 10.5994975116
tf 1 20 11.9400534494
tf 2 5 5.97001072189
tf 2 10 9.03109347245
tf 2 15 10.9787962681
tf 2 20 11.8641040823
tf 3 5 6.04592808334
tf 3 10 9.1575477284
tf 3 15 11.1305349742
tf 3 20 12.066539711
tfidf 1 5 5.31239098081
tfidf 1 10 8.39850213638
tfidf 1 15 10.6245579222
tfidf 1 20 12.0663476772
tfidf 2 5 5.33773944214
tfidf 2 10 8.70194754277
tfidf 2 15 10.8521499784
tfidf 2 20 12.2686552833
tfidf 3 5 5.56545952088
tfidf 3 10 8.90438317144
tfidf 3 15 11.1304709629
tfidf 3 20 12.4205860231
